0 0.14936102236421725 0.5976744186046512 0.18690095846645366 0.17209302325581394
0 0.07987220447284345 0.45465116279069767 0.134185303514377 0.07209302325581396
0 0.7603833865814696 0.7872093023255814 0.1757188498402556 0.1372093023255814
0 0.9225239616613418 0.7976744186046512 0.08466453674121405 0.06046511627906977
0 0.9289137380191693 0.9267441860465117 0.1389776357827476 0.14186046511627906
0 0.8490415335463258 0.6011627906976744 0.2987220447284345 0.1558139534883721
0 0.3506389776357827 0.5720930232558139 0.05910543130990415 0.05116279069767442
0 0.7787539936102236 0.386046511627907 0.0878594249201278 0.04186046511627907
0 0.5295527156549521 0.3 0.06549520766773162 0.03255813953488372
1 0.3730031948881789 0.8941860465116279 0.21884984025559104 0.2069767441860465
1 0.5623003194888179 0.9232558139534883 0.19808306709265175 0.13488372093023254
1 0.23961661341853036 0.3825581395348837 0.4792332268370607 0.38372093023255816
