0 0.22291666666666665 0.8564814814814815 0.4458333333333333 0.2833333333333333
0 0.4927083333333333 0.950925925925926 0.18958333333333333 0.09444444444444444
0 0.5276041666666667 0.6712962962962963 0.303125 0.12407407407407407
0 0.6505208333333333 0.7898148148148149 0.259375 0.15
0 0.70625 0.9481481481481482 0.09583333333333333 0.1
0 0.7208333333333333 0.5574074074074075 0.1375 0.1
0 0.5109375 0.48703703703703705 0.08020833333333333 0.05185185185185186
0 0.8119791666666667 0.6027777777777777 0.37395833333333334 0.48703703703703705
0 0.15104166666666666 0.5398148148148149 0.14583333333333334 0.05740740740740741
0 0.21562499999999998 0.4842592592592593 0.10208333333333333 0.04259259259259259
0 0.3234375 0.43703703703703706 0.17395833333333333 0.1
0 0.0265625 0.6 0.053125 0.04814814814814815
