0 0.3796747967479675 0.8328358208955224 0.15121951219512195 0.2208955223880597
0 0.45365853658536587 0.9716417910447761 0.17886178861788618 0.05074626865671642
0 0.7560975609756098 0.9656716417910448 0.11707317073170731 0.0626865671641791
0 0.5333333333333333 0.6074626865671642 0.25040650406504067 0.2
0 0.2739837398373984 0.48507462686567165 0.21951219512195122 0.1582089552238806
0 0.43333333333333335 0.4373134328358209 0.07967479674796749 0.11044776119402985
0 0.1821138211382114 0.3358208955223881 0.0943089430894309 0.0746268656716418
0 0.07642276422764227 0.3044776119402985 0.11382113821138211 0.07164179104477612
0 0.24065040650406505 0.2044776119402985 0.04878048780487805 0.05074626865671642
0 0.25203252032520324 0.25522388059701495 0.07479674796747968 0.04477611940298507
0 0.3723577235772358 0.2626865671641791 0.14308943089430895 0.07761194029850746
0 0.2886178861788618 0.3447761194029851 0.05365853658536585 0.03880597014925373
0 0.7585365853658537 0.33134328358208953 0.14471544715447154 0.10149253731343284
0 0.8195121951219512 0.27313432835820894 0.06504065040650406 0.04477611940298507
0 0.7796747967479675 0.14626865671641792 0.07642276422764227 0.04776119402985075
0 0.691869918699187 0.1865671641791045 0.06341463414634146 0.026865671641791045
0 0.7227642276422764 0.22686567164179106 0.07317073170731707 0.04776119402985075
0 0.9747967479674797 0.36716417910447763 0.04715447154471545 0.08955223880597014
0 0.3642276422764228 0.11343283582089553 0.058536585365853655 0.03582089552238806
0 0.28292682926829266 0.09850746268656717 0.11056910569105691 0.04776119402985075
0 0.183739837398374 0.034328358208955224 0.07154471544715447 0.03283582089552239
0 0.5341463414634147 0.05522388059701493 0.07642276422764227 0.0746268656716418
0 0.616260162601626 0.03880597014925373 0.04878048780487805 0.07164179104477612
0 0.39186991869918697 0.023880597014925373 0.07154471544715447 0.04776119402985075
0 0.3902439024390244 0.0626865671641791 0.05203252032520325 0.029850746268656716
