0 0.37565104166666663 0.6979166666666666 0.41015625 0.4282407407407407
0 0.7447916666666666 0.46759259259259256 0.30729166666666663 0.3472222222222222
0 0.55078125 0.1388888888888889 0.1328125 0.08333333333333333
0 0.9296875 0.16550925925925924 0.13802083333333331 0.13657407407407407
0 0.45963541666666663 0.09027777777777778 0.0859375 0.05092592592592592
0 0.4680989583333333 0.04513888888888889 0.12630208333333331 0.0625
0 0.41666666666666663 0.016203703703703703 0.0703125 0.032407407407407406
0 0.291015625 0.027777777777777776 0.14713541666666666 0.05555555555555555
0 0.314453125 0.07523148148148148 0.19140625 0.07638888888888888
0 0.44140625 0.22453703703703703 0.34375 0.24537037037037035
0 0.365234375 0.40509259259259256 0.09765625 0.10648148148148148
