0 0.7872596153846154 0.8895833333333333 0.23750000000000002 0.2201923076923077
0 0.7186298076923078 0.5998397435897436 0.1295673076923077 0.08942307692307692
0 0.7127403846153847 0.46875 0.08461538461538462 0.06698717948717949
0 0.5414663461538461 0.5530448717948718 0.21418269230769232 0.13237179487179487
0 0.30372596153846154 0.4514423076923077 0.296875 0.12403846153846154
0 0.49903846153846154 0.6903846153846154 0.19855769230769232 0.1423076923076923
0 0.2138221153846154 0.8833333333333333 0.21947115384615387 0.17435897435897435
0 0.4609375 0.9216346153846153 0.21850961538461539 0.1560897435897436
0 0.04675480769230769 0.5713141025641025 0.09350961538461539 0.09903846153846153
0 0.0451923076923077 0.659775641025641 0.0903846153846154 0.09775641025641026
0 0.028485576923076926 0.7817307692307692 0.05697115384615385 0.07115384615384615
0 0.39399038461538466 0.5384615384615384 0.07211538461538462 0.05
0 0.5775240384615385 0.36923076923076925 0.06466346153846154 0.07371794871794872
0 0.5873798076923077 0.3036858974358974 0.12427884615384616 0.04903846153846154
0 0.4765625 0.34262820512820513 0.11610576923076923 0.06538461538461539
0 0.6768028846153846 0.17676282051282052 0.47668269230769234 0.1407051282051282
