0 0.1357142857142857 0.7090069284064665 0.2532467532467532 0.2632794457274827
0 0.8402597402597403 0.47344110854503463 0.08571428571428572 0.09237875288683603
0 0.1461038961038961 0.3741339491916859 0.2922077922077922 0.20323325635103925
0 0.4266233766233766 0.37528868360277134 0.23246753246753246 0.16859122401847576
0 0.6058441558441559 0.3244803695150115 0.07142857142857142 0.057736720554272515
0 0.7902597402597402 0.23210161662817552 0.14155844155844155 0.10854503464203233
0 0.8415584415584415 0.34295612009237875 0.12727272727272726 0.08083140877598152
0 0.9175324675324675 0.1789838337182448 0.16233766233766234 0.10392609699769052
0 0.7233766233766233 0.14318706697459585 0.08311688311688312 0.046189376443418015
0 0.4090909090909091 0.1397228637413395 0.05974025974025974 0.03464203233256351
0 0.2909090909090909 0.17090069284064666 0.16363636363636364 0.08775981524249422
0 0.137012987012987 0.1766743648960739 0.13896103896103895 0.057736720554272515
0 0.04090909090909091 0.21939953810623555 0.08181818181818182 0.046189376443418015
0 0.1279220779220779 0.2413394919168591 0.18831168831168832 0.03926096997690531
0 0.2681818181818182 0.24595842956120093 0.06103896103896104 0.03926096997690531
0 0.36168831168831167 0.09815242494226328 0.07922077922077922 0.03926096997690531
0 0.5551948051948052 0.12933025404157045 0.12077922077922078 0.07390300230946882
0 0.4967532467532468 0.1859122401847575 0.14675324675324675 0.053117782909930716
0 0.4603896103896104 0.2632794457274827 0.3077922077922078 0.07390300230946882
0 0.6415584415584416 0.19630484988452657 0.07272727272727272 0.03233256351039261
