0 0.7200000000000001 0.96 0.12000000000000001 0.07
0 0.5783333333333334 0.7825 0.15666666666666668 0.095
0 0.36833333333333335 0.6775 0.07666666666666667 0.035
0 0.63 0.6175 0.10666666666666667 0.045
0 0.7816666666666667 0.6075 0.18333333333333335 0.055
0 0.7133333333333334 0.67 0.25333333333333335 0.07
0 0.4766666666666667 0.5525 0.22 0.065
0 0.4366666666666667 0.6025 0.16 0.055
0 0.265 0.51 0.1366666666666667 0.06
0 0.5316666666666667 0.43 0.09666666666666668 0.04
0 0.5966666666666667 0.51 0.18666666666666668 0.05
0 0.7350000000000001 0.46 0.07 0.03
0 0.38 0.37 0.09333333333333334 0.03
0 0.665 0.3875 0.09666666666666668 0.035
0 0.5816666666666667 0.3425 0.07 0.025
0 0.65 0.28 0.060000000000000005 0.03
