0 0.28438948995363217 0.6361386138613861 0.4080370942812983 0.30198019801980197
0 0.6375579598145286 0.7215346534653465 0.15301391035548687 0.16584158415841585
0 0.490726429675425 0.7326732673267327 0.07264296754250386 0.11386138613861387
0 0.24343122102009274 0.4158415841584158 0.08500772797527048 0.06435643564356436
0 0.6862442040185471 0.870049504950495 0.0865533230293663 0.1806930693069307
0 0.8129829984544049 0.8193069306930694 0.12364760432766615 0.13366336633663367
0 0.8284389489953632 0.6683168316831684 0.1731066460587326 0.12871287128712872
0 0.945904173106646 0.8007425742574258 0.10510046367851622 0.16584158415841585
0 0.874806800618238 0.5556930693069307 0.2472952086553323 0.15099009900990099
0 0.7071097372488407 0.4566831683168317 0.08809891808346212 0.08168316831683169
0 0.6004636785162287 0.5433168316831684 0.14683153013910355 0.15099009900990099
0 0.47836166924265844 0.422029702970297 0.08191653786707882 0.08168316831683169
0 0.7642967542503863 0.40222772277227725 0.14064914992272023 0.07673267326732673
0 0.9281298299845441 0.3564356435643564 0.14064914992272023 0.0594059405940594
