0 0.7538961038961038 0.8083140877598153 0.3077922077922078 0.2863741339491917
0 0.5844155844155844 0.4722863741339492 0.14025974025974025 0.08545034642032333
0 0.21558441558441557 0.7009237875288683 0.12207792207792208 0.08545034642032333
0 0.03506493506493506 0.6882217090069284 0.07012987012987013 0.07852193995381063
0 0.1461038961038961 0.5796766743648961 0.17792207792207793 0.11547344110854503
0 0.08961038961038961 0.48498845265588914 0.09610389610389611 0.07390300230946882
0 0.2603896103896104 0.39838337182448036 0.07922077922077922 0.057736720554272515
0 0.22012987012987012 0.4653579676674365 0.08701298701298701 0.04849884526558891
0 0.43766233766233764 0.4491916859122402 0.08051948051948052 0.06235565819861432
0 0.14155844155844155 0.39838337182448036 0.14285714285714285 0.10392609699769052
0 0.5792207792207792 0.9041570438799076 0.15064935064935064 0.18706697459584296
0 0.05064935064935065 0.9445727482678984 0.1012987012987013 0.10623556581986143
0 0.5233766233766234 0.34295612009237875 0.17402597402597403 0.12240184757505773
