0 0.47765957446808516 0.9298076923076923 0.21773049645390072 0.12115384615384617
0 0.5893617021276596 0.8394230769230769 0.1645390070921986 0.07500000000000001
0 0.7528368794326241 0.8730769230769231 0.149645390070922 0.11923076923076924
0 0.7386524822695036 0.7548076923076924 0.06879432624113475 0.051923076923076926
0 0.5354609929078015 0.7038461538461539 0.10638297872340426 0.07307692307692308
0 0.2595744680851064 0.8403846153846154 0.1446808510638298 0.09230769230769231
0 0.3815602836879433 0.5884615384615385 0.09645390070921986 0.05384615384615385
0 0.25567375886524824 0.5009615384615385 0.09007092198581561 0.05961538461538462
0 0.6581560283687944 0.4259615384615385 0.06382978723404256 0.04423076923076923
0 0.5861702127659575 0.5365384615384615 0.07021276595744681 0.038461538461538464
0 0.6269503546099291 0.5788461538461539 0.05106382978723405 0.03461538461538462
0 0.6684397163120568 0.6221153846153846 0.10709219858156029 0.0826923076923077
0 0.725177304964539 0.6596153846153846 0.09290780141843973 0.04230769230769231
0 0.4893617021276596 0.4826923076923077 0.0822695035460993 0.03461538461538462
0 0.5283687943262412 0.4153846153846154 0.11063829787234043 0.038461538461538464
0 0.35496453900709224 0.5067307692307692 0.09432624113475178 0.04038461538461539
0 0.3471631205673759 0.7182692307692308 0.06595744680851064 0.05576923076923077
0 0.4170212765957447 0.8048076923076923 0.2127659574468085 0.15576923076923077
0 0.4212765957446809 0.3932692307692308 0.05390070921985816 0.032692307692307694
0 0.8861702127659575 0.9105769230769232 0.22624113475177307 0.17500000000000002
0 0.059574468085106386 0.8163461538461539 0.11914893617021277 0.22115384615384617
