0 0.65087890625 0.84765625 0.1396484375 0.13020833333333331
0 0.4248046875 0.71875 0.232421875 0.11197916666666666
0 0.57666015625 0.6360677083333333 0.1279296875 0.07682291666666666
0 0.42724609375 0.611328125 0.1103515625 0.05598958333333333
0 0.5458984375 0.568359375 0.095703125 0.04817708333333333
0 0.72509765625 0.515625 0.1005859375 0.04427083333333333
0 0.08203125 0.6575520833333333 0.1640625 0.09375
0 0.16064453125 0.5598958333333333 0.1611328125 0.09375
0 0.41796875 0.5091145833333333 0.103515625 0.033854166666666664
0 0.62158203125 0.48111979166666663 0.1630859375 0.04817708333333333
0 0.52197265625 0.4375 0.0810546875 0.028645833333333332
0 0.2470703125 0.4700520833333333 0.080078125 0.028645833333333332
0 0.3154296875 0.4348958333333333 0.076171875 0.0234375
0 0.26806640625 0.40299479166666663 0.1240234375 0.03515625
0 0.51513671875 0.388671875 0.0595703125 0.016927083333333332
0 0.3544921875 0.3763020833333333 0.0703125 0.018229166666666664
0 0.39794921875 0.3391927083333333 0.1220703125 0.06380208333333333
0 0.544921875 0.33984375 0.068359375 0.018229166666666664
0 0.607421875 0.34049479166666663 0.052734375 0.022135416666666664
0 0.935546875 0.482421875 0.126953125 0.18359375
0 0.83349609375 0.34375 0.1181640625 0.0703125
