0 0.2760210803689065 0.6872037914691944 0.3965744400527009 0.29857819905213273
0 0.13306982872200265 0.9253554502369669 0.11067193675889328 0.14454976303317538
0 0.6291172595520422 0.7725118483412323 0.1383399209486166 0.18009478672985785
0 0.6712779973649539 0.9289099526066351 0.09090909090909091 0.13744075829383887
0 0.7891963109354414 0.8791469194312796 0.11594202898550725 0.15165876777251186
0 0.9361001317523057 0.854265402843602 0.1251646903820817 0.17772511848341233
0 0.8050065876152833 0.7049763033175356 0.16073781291172595 0.1255924170616114
0 0.8563899868247695 0.5971563981042655 0.22397891963109356 0.15639810426540285
0 0.5876152832674572 0.5758293838862559 0.13438735177865613 0.14691943127962087
0 0.6910408432147563 0.48104265402843605 0.08300395256916997 0.08530805687203792
0 0.7463768115942029 0.4170616113744076 0.1251646903820817 0.08056872037914692
0 0.9169960474308301 0.3708530805687204 0.16337285902503296 0.07819905213270142
0 0.4789196310935442 0.45379146919431285 0.06719367588932806 0.05450236966824645
0 0.24308300395256918 0.4360189573459716 0.077733860342556 0.05687203791469195
