0 0.35 0.6651480637813212 0.3641025641025641 0.2870159453302961
0 0.8185897435897436 0.8143507972665147 0.3243589743589744 0.30296127562642367
0 0.6608974358974359 0.48063781321184507 0.2141025641025641 0.15034168564920272
0 0.4346153846153846 0.3542141230068337 0.18974358974358974 0.1662870159453303
0 0.23012820512820512 0.18451025056947606 0.2141025641025641 0.13211845102505695
0 0.22884615384615384 0.05808656036446469 0.1858974358974359 0.08428246013667426
0 0.5621794871794872 0.1958997722095672 0.23717948717948717 0.1366742596810934
0 0.7833333333333333 0.1366742596810934 0.2282051282051282 0.10022779043280182
0 0.9076923076923077 0.2357630979498861 0.18205128205128204 0.12072892938496582
0 0.683974358974359 0.03302961275626424 0.16794871794871793 0.06605922551252848
