0 0.51625 0.8398058252427184 0.1275 0.16504854368932037
0 0.47875 0.6674757281553397 0.1675 0.17961165048543687
0 0.34875 0.5461165048543689 0.11750000000000001 0.12135922330097086
0 0.47625 0.4902912621359223 0.0825 0.07766990291262135
0 0.58125 0.5072815533980582 0.0775 0.07281553398058252
0 0.58875 0.3810679611650485 0.0925 0.08252427184466019
0 0.7175 0.3859223300970873 0.08 0.09223300970873785
0 0.36625 0.44174757281553395 0.0825 0.06796116504854369
0 0.23375 0.3834951456310679 0.10250000000000001 0.08737864077669902
0 0.14 0.29854368932038833 0.09 0.07281553398058252
0 0.21 0.26941747572815533 0.07 0.07281553398058252
0 0.27125 0.21359223300970873 0.0725 0.058252427184466014
0 0.34375 0.3058252427184466 0.0725 0.10679611650485436
0 0.5025000000000001 0.1966019417475728 0.105 0.07281553398058252
0 0.745 0.24271844660194172 0.075 0.058252427184466014
0 0.8375 0.27427184466019416 0.055 0.06310679611650485
0 0.90125 0.12864077669902912 0.1775 0.13106796116504854
0 0.59375 0.08980582524271843 0.0625 0.05339805825242718
0 0.40625 0.11650485436893203 0.11750000000000001 0.06796116504854369
