0 0.6118750000000001 0.8672897196261683 0.15375 0.11214953271028037
0 0.313125 0.9635514018691589 0.16125 0.0691588785046729
0 0.476875 0.4242990654205608 0.04875 0.03364485981308411
0 0.375 0.7168224299065421 0.1225 0.1102803738317757
0 0.10875 0.7897196261682243 0.0825 0.10654205607476636
0 0.1875 0.6373831775700934 0.095 0.048598130841121495
0 0.3125 0.597196261682243 0.1275 0.08785046728971962
0 0.606875 0.6747663551401869 0.19875 0.10467289719626169
0 0.79 0.6271028037383178 0.1225 0.09158878504672897
0 0.878125 0.705607476635514 0.15125 0.08411214953271029
0 0.89625 0.8242990654205608 0.0675 0.052336448598130844
0 0.891875 0.5878504672897197 0.07875 0.0691588785046729
0 0.92625 0.5280373831775701 0.10250000000000001 0.06542056074766356
0 0.64875 0.5411214953271029 0.1375 0.06542056074766356
0 0.780625 0.5065420560747663 0.11375 0.07102803738317758
0 0.851875 0.46448598130841123 0.12375 0.05794392523364486
0 0.6775 0.4327102803738318 0.11 0.04299065420560748
0 0.4575 0.39345794392523364 0.08 0.03177570093457944
0 0.413125 0.43364485981308415 0.08125 0.04485981308411215
0 0.3375 0.4934579439252337 0.1475 0.048598130841121495
0 0.215625 0.5 0.07625 0.05420560747663552
0 0.0225 0.3841121495327103 0.045 0.03925233644859813
0 0.069375 0.4046728971962617 0.058750000000000004 0.03551401869158879
0 0.120625 0.3252336448598131 0.06875 0.029906542056074768
0 0.25 0.25700934579439255 0.0825 0.024299065420560748
0 0.2775 0.33644859813084116 0.065 0.03364485981308411
0 0.35625 0.3551401869158879 0.055 0.022429906542056077
0 0.39375 0.3233644859813084 0.0925 0.026168224299065422
0 0.46375 0.3186915887850467 0.05 0.028037383177570093
0 0.546875 0.3233644859813084 0.11125 0.04485981308411215
0 0.80625 0.31308411214953275 0.385 0.09906542056074767
0 0.348125 0.2514018691588785 0.06125 0.024299065420560748
0 0.465 0.2822429906542056 0.095 0.026168224299065422
0 0.49062500000000003 0.23738317757009347 0.08125 0.022429906542056077
