0 0.4683333333333334 0.508125 0.1716666666666667 0.10875
0 0.72375 0.6725 0.1675 0.1
0 0.70875 0.50625 0.10750000000000001 0.0525
0 0.52875 0.43375 0.11750000000000001 0.07
0 0.21583333333333335 0.65625 0.11166666666666668 0.0775
0 0.10208333333333335 0.374375 0.08750000000000001 0.043750000000000004
0 0.3166666666666667 0.326875 0.06666666666666667 0.04125
0 0.14666666666666667 0.275 0.058333333333333334 0.035
0 0.08583333333333334 0.25625 0.058333333333333334 0.0275
0 0.33875 0.22125 0.060833333333333336 0.035
0 0.3875 0.18375 0.05333333333333334 0.035
1 0.8929166666666667 0.936875 0.21250000000000002 0.12375
