0 0.8389610389610389 0.6304849884526559 0.2935064935064935 0.3464203233256351
0 0.5883116883116883 0.9387990762124712 0.13766233766233765 0.11778290993071594
0 0.33051948051948055 0.9260969976905311 0.13636363636363635 0.14318706697459585
0 0.33506493506493507 0.6916859122401847 0.06753246753246753 0.07621247113163972
0 0.4707792207792208 0.7378752886836027 0.048051948051948054 0.057736720554272515
0 0.6311688311688312 0.6836027713625866 0.1012987012987013 0.12471131639722864
0 0.6012987012987013 0.5842956120092379 0.08051948051948052 0.06004618937644342
0 0.5376623376623376 0.5993071593533488 0.046753246753246755 0.03926096997690531
0 0.4720779220779221 0.6073903002309469 0.02987012987012987 0.03695150115473441
0 0.5954545454545455 0.5196304849884527 0.05844155844155844 0.046189376443418015
0 0.5357142857142857 0.5300230946882217 0.04025974025974026 0.03926096997690531
0 0.6597402597402597 0.4815242494226328 0.04935064935064935 0.053117782909930716
0 0.7298701298701299 0.37990762124711314 0.22077922077922077 0.06697459584295612
0 0.7357142857142858 0.31524249422632794 0.12857142857142856 0.03464203233256351
