0 0.234375 0.8480825958702065 0.08984375 0.061946902654867256
0 0.24951171875 0.7404129793510325 0.0517578125 0.061946902654867256
0 0.544921875 0.7300884955752213 0.091796875 0.05014749262536873
0 0.63916015625 0.7654867256637168 0.0869140625 0.06489675516224189
0 0.6884765625 0.8215339233038348 0.115234375 0.07669616519174041
0 0.34326171875 0.5995575221238938 0.0498046875 0.03982300884955752
0 0.4326171875 0.8709439528023599 0.087890625 0.051622418879056046
0 0.45947265625 0.8008849557522124 0.0595703125 0.05604719764011799
0 0.53369140625 0.8613569321533923 0.0576171875 0.05309734513274336
0 0.68359375 0.6578171091445427 0.08984375 0.038348082595870206
0 0.71240234375 0.6275811209439528 0.0595703125 0.03982300884955752
0 0.423828125 0.6039823008849557 0.095703125 0.051622418879056046
0 0.662109375 0.9247787610619469 0.064453125 0.05014749262536873
0 0.720703125 0.915929203539823 0.0546875 0.0471976401179941
0 0.80615234375 0.9682890855457227 0.0693359375 0.06047197640117994
0 0.5712890625 0.6290560471976401 0.09375 0.04277286135693215
0 0.19189453125 0.9351032448377581 0.0654296875 0.061946902654867256
