0 0.16953125000000002 0.7997658079625293 0.3203125 0.2505854800936768
0 0.43203125000000003 0.5081967213114754 0.29531250000000003 0.234192037470726
0 0.62890625 0.40046838407494145 0.1609375 0.1592505854800937
0 0.815625 0.5152224824355972 0.19062500000000002 0.1451990632318501
0 0.96015625 0.5175644028103045 0.0765625 0.07494145199063232
0 0.80390625 0.629976580796253 0.2078125 0.1451990632318501
0 0.75390625 0.7845433255269321 0.1609375 0.2107728337236534
0 0.39453125 0.16510538641686182 0.1453125 0.07728337236533958
0 0.571875 0.19672131147540983 0.1375 0.07494145199063232
0 0.64453125 0.27985948477751754 0.13593750000000002 0.06323185011709602
0 0.6976562500000001 0.18032786885245902 0.07968750000000001 0.046838407494145196
0 0.7359375 0.148711943793911 0.096875 0.04918032786885246
0 0.82734375 0.148711943793911 0.06406250000000001 0.04449648711943794
0 0.56484375 0.13114754098360656 0.1265625 0.05620608899297424
0 0.27890625 0.11358313817330211 0.0921875 0.04449648711943794
0 0.31875000000000003 0.06674473067915691 0.06875 0.03981264637002342
0 0.33359375 0.02459016393442623 0.0671875 0.03981264637002342
0 0.14453125 0.03629976580796253 0.08281250000000001 0.03044496487119438
0 0.02890625 0.06440281030444965 0.0578125 0.03044496487119438
0 0.3984375 0.04215456674473068 0.065625 0.03747072599531616
0 0.44453125000000004 0.09484777517564402 0.11093750000000001 0.04918032786885246
0 0.54296875 0.06908665105386416 0.13593750000000002 0.053864168618266976
0 0.640625 0.09601873536299765 0.109375 0.05152224824355972
0 0.634375 0.03747072599531616 0.065625 0.03278688524590164
