0 0.12979351032448377 0.9658792650918635 0.10029498525073746 0.06299212598425197
0 0.4056047197640118 0.9133858267716535 0.1504424778761062 0.12073490813648294
0 0.5464601769911505 0.9514435695538057 0.08407079646017698 0.06561679790026247
0 0.5361356932153393 0.8293963254593175 0.0752212389380531 0.06824146981627296
0 0.46017699115044247 0.821522309711286 0.05604719764011799 0.05774278215223097
0 0.46238938053097345 0.7480314960629921 0.10766961651917403 0.07874015748031496
0 0.6511799410029498 0.7440944881889764 0.08407079646017698 0.09186351706036745
0 0.7064896755162242 0.6797900262467191 0.035398230088495575 0.04199475065616798
0 0.7352507374631269 0.6535433070866141 0.03982300884955752 0.047244094488188976
0 0.5641592920353983 0.5918635170603674 0.05752212389380531 0.049868766404199474
0 0.6836283185840708 0.5918635170603674 0.11061946902654868 0.06561679790026247
0 0.4631268436578171 0.583989501312336 0.061946902654867256 0.05511811023622047
0 0.27654867256637167 0.6889763779527559 0.37610619469026546 0.23884514435695536
0 0.9085545722713864 0.45013123359580054 0.05309734513274336 0.03937007874015748
0 0.7794985250737463 0.39501312335958005 0.3554572271386431 0.1443569553805774
