0 0.9940828402366864 0.9955555555555555 0.0 0.0
0 0.9940828402366864 0.9955555555555555 0.0 0.0
0 0.5414201183431953 0.9955555555555555 0.6568047337278107 0.0
0 0.9940828402366864 0.9955555555555555 0.0 0.0
0 0.9940828402366864 0.9955555555555555 0.0 0.0
0 0.7189349112426036 0.5466666666666666 0.13609467455621302 0.05333333333333333
0 0.5798816568047337 0.6377777777777778 0.21301775147928995 0.08444444444444445
0 0.40532544378698226 0.5288888888888889 0.1242603550295858 0.044444444444444446
0 0.5 0.4866666666666667 0.08875739644970414 0.04
0 0.35798816568047337 0.5955555555555555 0.15976331360946744 0.06222222222222222
0 0.5 0.4444444444444444 0.08875739644970414 0.035555555555555556
