0 0.36275 0.878917378917379 0.1385 0.1623931623931624
0 0.51825 0.7061965811965812 0.2265 0.15170940170940173
0 0.73675 0.972934472934473 0.11850000000000001 0.05270655270655271
0 0.4305 0.573005698005698 0.081 0.08048433048433049
0 0.265 0.6136039886039887 0.20400000000000001 0.12321937321937322
0 0.0795 0.4757834757834758 0.10200000000000001 0.04700854700854701
0 0.1765 0.5046296296296297 0.089 0.056267806267806274
0 0.28525 0.511039886039886 0.0575 0.0349002849002849
0 0.9625 0.530982905982906 0.074 0.07478632478632478
0 0.7322500000000001 0.5007122507122508 0.1335 0.07692307692307693
0 0.7935 0.45975783475783477 0.062 0.03774928774928775
0 0.704 0.4223646723646724 0.078 0.03418803418803419
0 0.67025 0.39173789173789175 0.0575 0.027065527065527065
0 0.7535000000000001 0.3614672364672365 0.082 0.03347578347578348
0 0.5765 0.3557692307692308 0.055 0.0462962962962963
0 0.655 0.36431623931623935 0.038 0.019230769230769232
0 0.23275 0.4031339031339031 0.0545 0.03418803418803419
0 0.29925 0.39850427350427353 0.0525 0.02777777777777778
0 0.24725 0.4440883190883191 0.0755 0.0349002849002849
0 0.3675 0.45904558404558404 0.157 0.08903133903133903
0 0.3575 0.3393874643874644 0.063 0.02777777777777778
0 0.41325 0.36182336182336183 0.0285 0.02849002849002849
0 0.372 0.26495726495726496 0.052000000000000005 0.025641025641025644
0 0.181 0.27350427350427353 0.064 0.017094017094017096
0 0.44025000000000003 0.3101851851851852 0.0615 0.032051282051282055
0 0.5325 0.3101851851851852 0.052000000000000005 0.022079772079772082
0 0.5205 0.27706552706552706 0.045 0.01851851851851852
