0 0.8415584415584415 0.6443418013856813 0.3012987012987013 0.3464203233256351
0 0.3331168831168831 0.9272517321016166 0.13116883116883116 0.14087759815242493
0 0.5889610389610389 0.9353348729792148 0.14155844155844155 0.12471131639722864
0 0.33376623376623377 0.6905311778290993 0.07792207792207792 0.07852193995381063
0 0.6298701298701299 0.6812933025404156 0.10649350649350649 0.11547344110854503
0 0.6045454545454545 0.5842956120092379 0.07922077922077922 0.06928406466512702
0 0.6623376623376623 0.5577367205542725 0.05454545454545454 0.053117782909930716
0 0.5344155844155845 0.6004618937644342 0.053246753246753244 0.03695150115473441
0 0.4694805194805195 0.7401847575057736 0.053246753246753244 0.06697459584295612
0 0.4116883116883117 0.6073903002309469 0.05194805194805195 0.05542725173210161
0 0.5331168831168831 0.5300230946882217 0.048051948051948054 0.04387990762124711
0 0.5948051948051948 0.5219399538106235 0.05194805194805195 0.050808314087759814
0 0.6532467532467533 0.4838337182448037 0.05454545454545454 0.04849884526558891
