0 0.5190476190476191 0.8591101694915254 0.3047619047619048 0.2055084745762712
0 0.08571428571428572 0.9417372881355932 0.17142857142857143 0.11228813559322035
0 0.2373015873015873 0.6334745762711864 0.1634920634920635 0.059322033898305086
0 0.1761904761904762 0.7680084745762712 0.1492063492063492 0.08686440677966102
0 0.8650793650793651 0.7341101694915254 0.17777777777777778 0.07838983050847458
0 0.4523809523809524 0.4989406779661017 0.0761904761904762 0.04449152542372881
0 0.7928571428571428 0.621822033898305 0.10952380952380952 0.04449152542372881
0 0.29603174603174603 0.5254237288135594 0.10634920634920635 0.0423728813559322
0 0.4365079365079365 0.4025423728813559 0.07936507936507936 0.025423728813559324
0 0.44206349206349205 0.3633474576271186 0.09682539682539683 0.03177966101694915
