0 0.109375 0.7604651162790698 0.11041666666666666 0.11007751937984496
0 0.5546875 0.8232558139534883 0.20520833333333333 0.17364341085271318
0 0.5494791666666666 0.4992248062015504 0.18229166666666666 0.10232558139534884
0 0.6380208333333334 0.40387596899224804 0.13645833333333332 0.06356589147286822
0 0.396875 0.4255813953488372 0.09791666666666667 0.05426356589147287
0 0.3125 0.38992248062015505 0.05416666666666667 0.03255813953488372
0 0.35520833333333335 0.34651162790697676 0.075 0.03565891472868217
0 0.46770833333333334 0.3325581395348837 0.058333333333333334 0.03255813953488372
0 0.5390625 0.37209302325581395 0.128125 0.05891472868217054
0 0.6505208333333333 0.3333333333333333 0.09895833333333333 0.040310077519379844
0 0.5526041666666667 0.3271317829457364 0.051041666666666666 0.031007751937984496
0 0.5916666666666667 0.3062015503875969 0.08541666666666667 0.03875968992248062
0 0.5552083333333333 0.27906976744186046 0.075 0.037209302325581395
0 0.453125 0.2534883720930233 0.07708333333333334 0.023255813953488372
0 0.40729166666666666 0.29224806201550385 0.06041666666666667 0.04496124031007752
0 0.6067708333333334 0.24031007751937983 0.06145833333333333 0.027906976744186046
0 0.5395833333333333 0.24573643410852714 0.05416666666666667 0.02635658914728682
