0 0.32189542483660133 0.6090277777777778 0.04575163398692811 0.051388888888888894
0 0.3803104575163399 0.63125 0.06454248366013073 0.07083333333333333
0 0.4236111111111111 0.5180555555555556 0.05800653594771242 0.058333333333333334
0 0.5036764705882353 0.5229166666666667 0.09722222222222222 0.08472222222222223
0 0.5804738562091504 0.6291666666666667 0.04330065359477124 0.04166666666666667
0 0.6441993464052288 0.7145833333333333 0.08088235294117647 0.0763888888888889
0 0.7009803921568628 0.5902777777777778 0.06045751633986928 0.06666666666666667
0 0.8014705882352942 0.6840277777777778 0.03758169934640523 0.051388888888888894
0 0.8835784313725491 0.5381944444444444 0.22630718954248366 0.24583333333333335
0 0.7459150326797386 0.43333333333333335 0.042483660130718956 0.06666666666666667
0 0.6809640522875817 0.41111111111111115 0.03676470588235294 0.030555555555555558
0 0.693218954248366 0.2701388888888889 0.09558823529411765 0.051388888888888894
0 0.8125 0.35625 0.125 0.05694444444444444
0 0.43709150326797386 0.4277777777777778 0.21405228758169936 0.08333333333333334
0 0.5171568627450981 0.3125 0.05392156862745098 0.030555555555555558
2 0.6548202614379085 0.33263888888888893 0.18055555555555555 0.06805555555555556
2 0.9395424836601307 0.3625 0.119281045751634 0.075
