0 0.5109375 0.6171875 0.30104166666666665 0.19270833333333334
0 0.1015625 0.6182291666666666 0.203125 0.146875
0 0.4630208333333333 0.8838541666666666 0.484375 0.23020833333333332
0 0.3619791666666667 0.5364583333333334 0.11770833333333333 0.07291666666666667
0 0.615625 0.3619791666666667 0.23541666666666666 0.10520833333333333
0 0.775 0.2973958333333333 0.12291666666666666 0.051041666666666666
0 0.9588541666666667 0.24166666666666667 0.08020833333333333 0.04375
0 0.1375 0.4125 0.275 0.16458333333333333
0 0.3302083333333333 0.30416666666666664 0.1625 0.09375
0 0.14947916666666666 0.24687499999999998 0.17395833333333333 0.05
0 0.3625 0.1765625 0.14375 0.053125
0 0.4140625 0.20989583333333334 0.12604166666666666 0.046875
0 0.5453125 0.1796875 0.09479166666666666 0.051041666666666666
0 0.6927083333333334 0.1890625 0.17291666666666666 0.05520833333333333
0 0.9119791666666667 0.14635416666666667 0.10104166666666667 0.036458333333333336
0 0.9338541666666667 0.18958333333333333 0.084375 0.03333333333333333
0 0.9088541666666666 0.0859375 0.15104166666666666 0.036458333333333336
0 0.9192708333333334 0.033854166666666664 0.10104166666666667 0.034375
0 0.73125 0.0765625 0.10208333333333333 0.03854166666666667
0 0.48541666666666666 0.09635416666666667 0.11666666666666667 0.03854166666666667
0 0.3260416666666667 0.1171875 0.13333333333333333 0.028125
0 0.1140625 0.15572916666666667 0.096875 0.042708333333333334
0 0.040625 0.1875 0.07916666666666666 0.03958333333333333
0 0.25 0.178125 0.07291666666666667 0.03125
0 0.17239583333333333 0.11614583333333334 0.06145833333333333 0.03854166666666667
0 0.35833333333333334 0.05520833333333333 0.10208333333333333 0.04583333333333333
0 0.4354166666666667 0.019270833333333334 0.0875 0.030208333333333334
0 0.7348958333333333 0.02395833333333333 0.109375 0.04791666666666666
0 0.8536458333333333 0.20989583333333334 0.08020833333333333 0.051041666666666666
0 0.44166666666666665 0.2817708333333333 0.38958333333333334 0.140625
