0 0.7012987012987013 0.8475750577367206 0.18441558441558442 0.19399538106235564
0 0.4038961038961039 0.6581986143187066 0.17402597402597403 0.12933025404157045
0 0.4948051948051948 0.5715935334872979 0.09350649350649351 0.07621247113163972
0 0.6772727272727272 0.6651270207852193 0.20909090909090908 0.10623556581986143
0 0.6181818181818182 0.5334872979214781 0.04415584415584416 0.046189376443418015
0 0.05714285714285714 0.46304849884526555 0.11428571428571428 0.08545034642032333
0 0.36428571428571427 0.4376443418013857 0.05584415584415584 0.04387990762124711
0 0.6337662337662338 0.3810623556581986 0.10649350649350649 0.07390300230946882
0 0.5279220779220779 0.30369515011547343 0.05844155844155844 0.03464203233256351
0 0.6649350649350649 0.312933025404157 0.11168831168831168 0.04849884526558891
0 0.5720779220779221 0.2517321016166282 0.09220779220779221 0.06466512702078522
0 0.7305194805194806 0.44110854503464203 0.053246753246753244 0.050808314087759814
