0 0.3042372881355932 0.7457142857142857 0.6084745762711864 0.4
0 0.7220338983050847 0.8557142857142858 0.1152542372881356 0.06571428571428571
0 0.4389830508474576 0.5085714285714286 0.1423728813559322 0.06285714285714286
0 0.5567796610169491 0.4471428571428571 0.06271186440677966 0.04285714285714286
0 0.6127118644067796 0.4785714285714286 0.11016949152542373 0.04285714285714286
0 0.6711864406779661 0.5128571428571429 0.10169491525423728 0.04285714285714286
0 0.6627118644067796 0.44285714285714284 0.11864406779661017 0.04
0 0.6372881355932203 0.4085714285714286 0.09152542372881356 0.03428571428571429
0 0.7245762711864406 0.39571428571428574 0.13728813559322034 0.04857142857142857
0 0.7923728813559322 0.44571428571428573 0.08305084745762711 0.06857142857142857
0 0.6025423728813559 0.36714285714285716 0.11016949152542373 0.03142857142857143
